1671126360 99999.0 119860.95
1671130800 100033.19 100033.19
1671131160 100032.19 120227.43000000001
1671136200 99913.67000000001 99913.67000000001
1671203280 99912.67000000001 119878.59000000001
1671208680 99966.79000000001 99966.79000000001
1671209400 99965.79000000001 119815.23000000001
1671212640 99960.63 99960.63
1671215760 99959.63 80116.95000000001
1671216000 99950.83000000002 99950.83000000002
1671218940 99949.83000000002 119802.91000000002
1671220260 99934.27000000002 99934.27000000002
1671220620 99933.27000000002 80038.59000000003
1671222600 100010.27000000002 100010.27000000002