1669907520 99999.0 119948.37
1669918080 99956.34999999999 99956.34999999999
1669918740 99955.34999999999 119875.31999999999
1669920240 99918.57999999999 99918.57999999999
1669926780 99917.57999999999 79942.72999999998
1669995780 99744.09999999998 99744.09999999998
1669997340 99743.09999999998 119527.33999999997
1670008680 99673.49999999997 99673.49999999997
1670011020 99672.49999999997 79756.44999999997
1670255280 99526.45999999996 99526.45999999996
1670257080 99525.45999999996 119270.49999999996
1670267580 99691.54999999996 99691.54999999996
1670272320 99690.54999999996 79738.04999999996
1670344320 99527.54999999996 99527.54999999996
1670345460 99526.54999999996 79743.54999999996
1670352540 99432.04999999996 99432.04999999996
1670356500 99431.04999999996 79400.79999999996
1670357700 99419.33999999997 99419.33999999997
1670358780 99418.33999999997 79375.84999999996
1670425500 99463.23999999996 99463.23999999996
1670425620 99462.23999999996 79756.73999999996
1670427600 99422.23999999996 99422.23999999996
1670427720 99421.23999999996 119497.89999999997
1670429820 99396.77999999997 99396.77999999997
1670430060 99395.77999999997 119469.37999999998
1670434920 99407.01999999997 99407.01999999997
1670438700 99406.01999999997 119095.51999999997
1670441640 99428.51999999997 99428.51999999997
1670445120 99427.51999999997 79379.41999999997
1670445360 99408.66999999997 99408.66999999997
1670445720 99407.66999999997 119440.97999999997
1670515500 99237.34999999996 99237.34999999996
1670515740 99236.34999999996 119022.84999999996
1670522100 99228.84999999996 99228.84999999996
1670526120 99227.84999999996 119016.34999999996
1670532360 99239.34999999996 99239.34999999996
1670532960 99238.34999999996 79439.34999999996
1670598840 99216.34999999996 99216.34999999996
1670599860 99215.34999999996 79401.34999999996
1670601000 99181.84999999996 99181.84999999996
1670601540 99180.84999999996 79340.34999999996
1670607420 99197.84999999996 99197.84999999996
1670614140 99196.84999999996 79400.34999999996
1670614980 99177.34999999996 99177.34999999996
1670615340 99176.34999999996 79380.84999999996