1670945100 99999.0 119882.71
1670945700 99981.34000000001 99981.34000000001
1670948700 99980.34000000001 119787.61000000002
1670949060 99942.59000000001 99942.59000000001
1670949240 99941.59000000001 80080.42000000001
1670949480 99923.93000000002 60234.91000000001
1670949660 99917.05000000002 99917.05000000002
1670949900 99916.05000000002 119743.90000000002
1670951160 99998.35000000002 99998.35000000002
1670951520 99997.35000000002 120062.85000000002
1670953140 100027.85000000002 100027.85000000002
1670955480 100026.85000000002 79955.85000000002
1670956560 100037.35000000002 100037.35000000002
1670957640 100036.35000000002 120078.35000000002
1670957940 100008.35000000002 100008.35000000002
1670960580 100007.35000000002 79868.35000000002
1670961120 99987.35000000002 99987.35000000002
1670961360 99986.35000000002 120060.85000000002
1670962740 99990.35000000002 99990.35000000002
1670963100 99989.35000000002 79908.35000000002
1670963520 100023.35000000002 100023.35000000002