1668536820 99998.75 199505.19
1668537060 99924.70999999999 99924.70999999999
1668537180 99923.45999999999 199264.24
1668538020 99621.00999999998 99621.00999999998
1668538140 99619.75999999998 198609.75999999998
1668538500 99418.50999999998 99418.50999999998
1668538800 99417.26999999997 198140.78999999998
1668539460 99189.43999999999 99189.43999999999
1668610080 99188.19999999998 197934.12999999998
1668612780 99157.07999999999 99157.07999999999
1668613020 99155.83999999998 197879.36
1668616380 99097.33 99097.33
1668616500 99096.09 197777.28
1668617760 98992.76 98992.76
1668618000 98991.51999999999 197328.47999999998
1668620640 98928.28 98928.28
1668621660 98927.04 197246.63999999998
1668622260 98836.51999999999 98836.51999999999
1668622440 98835.27999999998 197169.75999999998
1668781800 98531.47999999998 98531.47999999998
1668782040 98530.24999999997 196478.09999999998
1668782160 98489.49999999997 98489.49999999997
1668782280 98488.26999999996 196408.94999999995
1668804660 98398.11999999994 98398.11999999994
1668804780 98396.88999999996 196275.57999999996