1671204900 99999.0 119874.44
1671205200 99978.24 99978.24
1671207060 99977.24000000002 119853.20000000001
1671207240 99953.36000000002 99953.36000000002
1671208020 99952.36000000002 119847.04000000001
1671208260 99937.32 99937.32
1671208680 99936.32 80025.52
1671208860 99930.64 99930.64
1671209100 99929.64 119816.52
1671210300 99957.24 99957.24
1671212220 99956.24 80072.48000000001
1671212460 99947.44 99947.44
1671212640 99946.44 119800.04000000001
1671214020 99968.32 99968.32
1671215760 99967.32 80124.64000000001
1671216000 99958.52000000002 99958.52000000002
1671217860 99957.52000000002 80078.96000000002
1671218460 99952.36000000002 99952.36000000002
1671218940 99951.36000000002 119804.44000000002
1671219780 99956.08000000002 99956.08000000002
1671220260 99955.08000000002 80087.44000000002
1671221220 99985.28000000001 99985.28000000001
1671221640 99984.28000000001 80052.68000000001
1671222600 100024.36000000002 100024.36000000002