1671207060 99999.0 119874.95999999999
1671207240 99975.12 99975.12
1671208020 99974.12 119868.79999999999
1671208260 99959.07999999999 99959.07999999999
1671208680 99958.07999999999 80047.27999999998
1671208860 99952.39999999998 99952.39999999998
1671209100 99951.39999999998 119838.27999999998
1671210300 99978.99999999999 99978.99999999999
1671212220 99977.99999999999 80094.23999999999
1671212460 99969.19999999998 99969.19999999998
1671212640 99968.19999999998 119821.79999999999
1671214020 99990.07999999999 99990.07999999999
1671215760 99989.07999999999 80146.4
1671216000 99980.28 99980.28
1671217860 99979.28 80100.72
1671218460 99974.12 99974.12
1671218940 99973.12 119826.2
1671219780 99977.84 99977.84
1671220260 99976.84 80109.2
1671221220 100007.04 100007.04
1671221640 100006.04 80074.43999999999
1671222600 100046.12 100046.12