1668536820 99998.75 199505.19
1668537060 99924.70999999999 99924.70999999999
1668537180 99923.45999999999 199264.24
1668538020 99621.00999999998 99621.00999999998
1668538140 99619.75999999998 198609.75999999998
1668538500 99418.50999999998 99418.50999999998
1668538800 99417.26999999997 198140.78999999998
1668539460 99189.43999999999 99189.43999999999
1668610800 99188.19999999998 197871.87999999998
1668612780 99094.82999999999 99094.82999999999
1668613020 99093.59 197420.63
1668616380 99035.31000000001 99035.31000000001
1668616500 99034.07 197318.95
1668617760 98931.15000000001 98931.15000000001
1668618000 98929.91 197266.87
1668620640 98866.67000000001 98866.67000000001
1668621660 98865.43000000001 197185.03
1668622260 98774.91 98774.91
1668622440 98773.67 197108.15
1668804660 98700.51 98700.51
1668804780 98699.26999999999 196974.22999999998