1671125340 99999.0 80124.3
1671125880 100003.61 100003.61
1671126360 100002.61 119864.56
1671126720 99997.53 99997.53
1671130800 99996.53 80169.77
1671131160 99975.64 99975.64
1671131220 99974.64 119782.53
1671131280 99964.97 99964.97
1671133140 99963.97 80105.59
1671133680 99955.83 99955.83
1671203280 99954.83 119920.75
1671204480 99986.59 99986.59
1671208680 99985.59 80074.79
1671208860 99979.90999999999 99979.90999999999
1671209400 99978.90999999999 119828.34999999999
1671210300 99969.06999999999 99969.06999999999
1671212640 99968.06999999999 119821.67
1671214020 99989.95 99989.95
1671215760 99988.94999999998 80146.26999999999
1671216000 99980.15 99980.15
1671218940 99979.15 119832.23
1671219780 99983.87 99983.87
1671220260 99982.87 80115.23
1671221220 100013.06999999999 100013.06999999999
1671221700 100012.06999999999 80062.79
1671222600 100034.47 100034.47