1671548400 99999.0 79855.29000000001
1671549180 100020.26000000001 100020.26000000001
1671552540 100019.26000000001 120211.20000000001
1671554100 100088.22000000002 100088.22000000002
1671555600 100087.22000000002 79913.83000000002
1671556500 100085.69000000002 100085.69000000002
1671557640 100084.69000000003 120241.65000000002
1671558120 100075.74000000002 100075.74000000002
1671558180 100074.74000000002 79903.47000000002
1671558360 100072.68000000002 59732.26000000002
1671558480 100087.58000000002 39553.10000000002
1671558600 100094.53000000001 19371.290000000023
1671558720 100074.45000000003 15563.490000000023
1671558840 100086.77000000002 12516.570000000023
1671558960 100154.77000000003 9848.290000000023
1671559080 100167.99000000003 7941.790000000023
1671559200 100181.51000000002 6416.150000000022
1671559320 100202.65000000002 5271.400000000022
1671559440 100239.00000000001 4126.200000000023
1671559560 100169.70000000001 100169.70000000001
1671562800 100168.70000000001 120376.01000000001
1671562980 100152.86000000002 100152.86000000002
1671564060 100151.86000000002 120366.59000000001
1671564300 100160.93 140570.25
1671564420 100146.20999999998 120357.22999999998
1671568320 100151.03999999998 100151.03999999998