1671041160 99999.0 80191.73
1671041700 99985.26 99985.26
1671042300 99984.26 79787.26
1671042360 99980.26 99980.26
1671044460 99979.26 120111.76
1671045240 100064.26 100064.26
1671046500 100063.26 119883.76
1671046920 99970.76 99970.76
1671048300 99969.76 79914.76
1671049080 99944.26 99944.26
1671049740 99943.26 119928.76
1671049800 99992.76 99992.76
1671119760 99991.76 119915.93
1671120060 99974.43999999999 99974.43999999999
1671120900 99973.43999999999 119847.62999999999
1671121200 99954.07999999999 99954.07999999999
1671125340 99953.07999999999 80078.37999999999