1665496800 99998.60999999999 199487.21999999997
1665503040 98934.22999999997 98934.22999999997
1665504120 98932.86999999995 197294.76999999996
1665504900 98887.82999999999 98887.82999999999
1665513960 98886.46999999999 197201.96
1665674460 98322.73000000001 98322.73000000001
1665674640 98321.37 196178.81
1665675060 98107.85 98107.85
1665675180 98106.5 195704.44
1665762660 98031.98 98031.98
1665762780 98030.62999999999 195509.33
1665763440 97774.53999999998 97774.53999999998
1665763560 97773.18999999997 195046.08999999997
1665765780 97647.63999999996 97647.63999999996
1665766020 97646.28999999995 194878.68999999994
1666015200 96097.83999999994 96097.83999999994