1671202980 99999.0 120011.72
1671208680 100099.92 100099.92
1671209100 100098.92 119985.8
1671212640 100131.2 100131.2
1671212700 100130.2 119979.12
1671215760 100135.44 100135.44
1671215820 100134.44 80283.44
1671216000 100117.32 100117.32
1671217860 100116.32 80237.76000000001
1671218940 100089.84000000001 100089.84000000001
1671219000 100088.84000000001 119939.32
1671220260 100070.68000000001 100070.68000000001
1671220320 100069.68000000001 80202.56000000001
1671222600 100174.24000000002 100174.24000000002