1668784080 99999.0 120113.91
1668784500 99978.11 99978.11
1668785040 99977.11 79805.08
1668785280 99926.64 99926.64
1668785880 99925.64 79756.67
1668795720 99841.0 99841.0
1668796140 99840.0 79715.4
1668798180 99830.32999999999 99830.32999999999
1668798240 99829.32999999999 79720.02999999998
1668800220 99818.63999999998 99818.63999999998
1668801240 99817.63999999998 79699.66999999998
1668803400 99889.56999999998 99889.56999999998
1669043040 99888.56999999998 120029.99999999997
1669047420 99926.32999999997 99926.32999999997
1669047540 99925.32999999997 79826.22999999997
1669048080 99909.53999999996 99909.53999999996
1669048440 99908.53999999996 119979.58999999997
1669050420 99888.66999999997 99888.66999999997
1669050480 99887.66999999997 79803.86999999997
1669051200 99883.60999999997 99883.60999999997
1669051560 99882.60999999997 79791.15999999997
1669053480 99876.50999999998 99876.50999999998
1669053540 99875.50999999998 119958.79999999999
1669062600 99847.98999999999 99847.98999999999
1669129500 99846.98999999999 80029.48999999999
1669136100 99893.98999999999 99893.98999999999
1669139640 99892.98999999999 80016.98999999999
1669140180 99885.48999999999 99885.48999999999
1669140540 99884.48999999999 79985.48999999999
1669144500 99895.98999999999 99895.98999999999
1669144560 99894.98999999999 119805.98999999999
1669149000 99832.98999999999 99832.98999999999
1669222080 99831.98999999999 119906.48999999999
1669227840 99886.48999999999 99886.48999999999
1669227900 99885.48999999999 79866.98999999999
1669232400 99935.48999999999 99935.48999999999
1669232460 99934.48999999999 120007.98999999999
1669235400 99886.98999999999 99886.98999999999
1669397160 99885.98999999999 79758.98999999999
1669653960 99701.98999999999 99701.98999999999
1669655040 99700.98999999999 119593.48999999999
1669667400 99830.48999999999 99830.48999999999
1669734060 99829.48999999999 80027.48999999999
1669737600 99843.48999999999 99843.48999999999
1669737780 99842.48999999999 119643.48999999999
1669743180 99917.48999999999 99917.48999999999
1669743300 99916.48999999999 79800.56
1669745340 99923.14 99923.14
1669746480 99922.14 120021.75
1669747440 99894.62 99894.62
1669747500 99893.62 79770.04
1669750080 99900.78 99900.78
1669750140 99899.78 120033.05
1669753620 99901.33 99901.33
1669820460 99900.33 120016.77
1669828140 99880.97 99880.97
1669828260 99879.97 120018.34
1669840200 99340.92 99340.92
1669907520 99339.92 119289.29
1669918740 99368.31999999999 99368.31999999999
1669918800 99367.31999999999 119285.81999999999
1669920240 99329.07999999999 99329.07999999999
1669920300 99328.07999999999 79373.31999999998
1669926600 99333.44999999998 99333.44999999998
1669995000 99332.44999999998 119112.27999999998
1669995780 99308.90999999999 99308.90999999999
1669997340 99307.91 119092.15
1670008680 99238.31 99238.31
1670008800 99237.31 79382.02
1670013000 99315.69 99315.69
1670252400 99314.69 119075.41
1670255280 99303.4 99303.4
1670255340 99302.4 79530.9
1670257080 99274.93999999999 99274.93999999999
1670257140 99273.93999999999 119014.07999999999
1670272200 99476.77999999998 99476.77999999998
1670338800 99475.77999999998 119334.77999999998
1670344320 99543.27999999998 99543.27999999998
1670344380 99542.27999999998 79749.27999999998
1670345460 99531.27999999998 99531.27999999998
1670346960 99530.27999999998 119267.27999999998
1670352540 99576.77999999998 99576.77999999998
1670352600 99575.77999999998 79500.13999999998
1670356500 99529.38999999998 99529.38999999998
1670356560 99528.38999999998 79499.15999999999
1670357700 99517.69999999998 99517.69999999998
1670357760 99516.69999999998 119534.70999999998
1670358600 99535.58999999998 99535.58999999998
1670425500 99534.58999999998 79446.19999999998
1670427600 99505.02999999998 99505.02999999998
1670427660 99504.02999999998 119571.50999999998
1670429820 99470.38999999998 99470.38999999998
1670429880 99469.38999999998 119175.88999999998
1670434920 99506.88999999998 99506.88999999998
1670434980 99505.88999999998 79439.43
1670438700 99521.72 99521.72
1670438760 99520.72 119600.44
1670441640 99540.12 99540.12
1670441700 99539.12 79469.09
1670445000 99500.38 99500.38
1670511600 99499.38 79690.38
1670515500 99495.88 99495.88
1670515560 99494.88 119306.38
1670517900 99498.88 99498.88
1670518080 99497.88 79692.38
1670522100 99484.38 99484.38
1670522160 99483.38 79694.38
1670531400 99501.88 99501.88
1670598120 99500.88 79700.88
1670598840 99477.88 99477.88
1670598960 99476.88 119253.88
1670601000 99471.38 99471.38
1670601360 99470.38 79652.38
1670607420 99509.88 99509.88
1670607540 99508.88 79656.38
1670614140 99451.88 99451.88
1670614200 99450.88 79656.38
1670614980 99433.38 99433.38
1670615340 99432.38 79636.88
1670617800 99408.38 99408.38
1670857200 99407.38 79675.38
1670858820 99398.38 99398.38
1670861040 99397.38 79662.88
1670868360 99432.38 99432.38
1670868420 99431.38 119194.88
1670872140 99416.88 99416.88
1670873220 99415.88 79622.38
1670877000 99525.38 99525.38
1670945100 99524.38 119408.09000000001
1670949240 99545.92000000001 99545.92000000001
1670949300 99544.92000000001 79667.58000000002
1670949660 99508.15000000002 99508.15000000002
1670949720 99507.15000000002 119335.98000000003
1670957640 99693.82000000002 99693.82000000002
1670957700 99692.82000000002 119729.82000000002
1670961360 99654.32000000002 99654.32000000002
1670961420 99653.32000000002 119711.32000000002
1670963100 99629.32000000002 99629.32000000002
1670963160 99628.32000000002 79558.32000000002
1670963400 99643.82000000002 99643.82000000002
1671033840 99642.82000000002 79805.66000000002
1671041160 99611.93000000002 99611.93000000002
1671041220 99610.93000000002 79805.62000000002
1671042300 99597.68000000002 99597.68000000002
1671042720 99596.68000000002 79777.16000000002
1671048300 99430.06000000003 99430.06000000003
1671048360 99429.06000000003 79422.56000000003
1671049740 99407.06000000003 99407.06000000003
1671049800 99406.06000000003 119341.06000000003
1671125340 99855.06000000003 99855.06000000003
1671125580 99854.06000000003 79952.33000000003
1671130800 99778.09000000003 99778.09000000003
1671130860 99777.09000000003 79950.33000000003
1671131160 99756.20000000003 99756.20000000003
1671131220 99755.20000000003 119563.09000000003
1671136200 99639.96000000002 99639.96000000002
1671202980 99638.96000000002 119651.68000000002
1671208680 99739.88000000002 99739.88000000002
1671209100 99738.88000000002 119625.76000000002
1671212640 99771.16000000002 99771.16000000002
1671212700 99770.16000000002 119619.08000000002
1671215760 99775.40000000002 99775.40000000002
1671215820 99774.40000000002 79923.40000000002
1671216000 99757.28000000003 99757.28000000003
1671217860 99756.28000000003 79877.72000000003
1671218940 99729.80000000003 99729.80000000003
1671219000 99728.80000000003 119579.28000000003
1671220260 99710.64000000003 99710.64000000003
1671220320 99709.64000000003 79842.52000000003
1671222600 99814.20000000004 99814.20000000004