1671033840 99999.0 80161.84
1671041160 99968.11 99968.11
1671041220 99967.11 80161.8
1671042300 99953.86 99953.86
1671042720 99952.86 80133.34
1671048300 99786.23999999999 99786.23999999999
1671048360 99785.23999999999 79778.73999999999
1671049740 99763.23999999999 99763.23999999999
1671049800 99762.23999999999 119697.23999999999
1671125340 100211.23999999999 100211.23999999999
1671125580 100210.23999999999 80308.51
1671130800 100134.26999999999 100134.26999999999
1671130860 100133.26999999999 79917.74999999999
1671131160 100111.98999999999 100111.98999999999
1671131220 100110.98999999999 120307.26999999999
1671136200 99993.51 99993.51
1671202980 99992.51 120005.23
1671208680 100093.43 100093.43
1671209100 100092.43 119979.31
1671212640 100124.70999999999 100124.70999999999
1671212700 100123.70999999999 119972.62999999999
1671215760 100128.94999999998 100128.94999999998
1671215820 100127.94999999998 80276.94999999998
1671216000 100110.82999999999 100110.82999999999
1671217860 100109.82999999999 80231.26999999999
1671218940 100083.34999999999 100083.34999999999
1671219000 100082.34999999999 119932.82999999999
1671220260 100064.18999999999 100064.18999999999
1671220320 100063.18999999999 80196.06999999999
1671222600 100167.75 100167.75