1669047420 99999.0 79896.33
1669048080 99979.64 99979.64
1669050420 99978.64 79888.72
1669051560 99979.17 99979.17
1669053480 99978.17 120064.52
1669063080 99946.57 99946.57
1669063800 99945.57 79811.28
1669139640 100083.8 100083.8
1669140180 100082.8 119952.3
1669218720 99856.3 99856.3
1669222440 99855.3 119911.8
1669227840 99891.8 99891.8
1669230180 99890.8 79783.8
1669232400 99852.3 99852.3
1669397160 99851.3 79724.3
1669653960 99667.3 99667.3
1669668900 99666.3 79877.3
1669737600 99693.3 99693.3
1669737840 99692.3 119472.3
1669743180 99746.3 99746.3
1669743300 99745.29999999999 79629.37
1669747440 99754.5 99754.5
1669748520 99753.5 79976.0
1669750080 99712.0 99712.0
1669750200 99711.0 119843.76
1669753620 99712.04 99712.04
1669828140 99711.04 119845.84
1669838880 99246.45 99246.45
1669907520 99245.45 119194.81999999999
1669918200 99211.12999999999 99211.12999999999
1669918740 99210.12999999999 119130.09999999999
1669920240 99173.35999999999 99173.35999999999
1669926780 99172.35999999999 79197.50999999998
1669995780 98998.87999999998 98998.87999999998
1669997340 98997.87999999998 118782.11999999997
1670008680 98928.27999999997 98928.27999999997
1670011020 98927.27999999997 79011.22999999997
1670255280 98781.23999999996 98781.23999999996
1670257080 98780.23999999996 118525.27999999996
1670267820 98949.75999999995 98949.75999999995
1670272320 98948.75999999995 78996.25999999995
1670344320 98785.75999999995 98785.75999999995
1670345460 98784.75999999995 79001.75999999995
1670352540 98690.25999999995 98690.25999999995
1670356500 98689.25999999995 79051.75999999995
1670357700 98677.75999999995 98677.75999999995
1670358780 98676.75999999995 79027.25999999995
1670425500 98720.75999999995 98720.75999999995
1670425620 98719.75999999995 79014.25999999995
1670427600 98679.75999999995 98679.75999999995
1670427720 98678.75999999995 118361.75999999995
1670429820 98654.75999999995 98654.75999999995
1670430060 98653.75999999995 118333.75999999995
1670434920 98664.75999999995 98664.75999999995
1670438700 98663.75999999995 118353.25999999995
1670441640 98686.25999999995 98686.25999999995
1670445120 98685.25999999995 79030.25999999995
1670445360 98666.75999999995 98666.75999999995
1670445720 98665.75999999995 118306.25999999995
1670515500 98498.75999999995 98498.75999999995
1670515740 98497.75999999995 118284.25999999995
1670522100 98490.25999999995 98490.25999999995
1670526120 98489.25999999995 118277.75999999995
1670532360 98500.75999999995 98500.75999999995
1670532960 98499.75999999995 78700.75999999995
1670598840 98477.75999999995 98477.75999999995
1670599860 98476.75999999995 78662.75999999995
1670601000 98443.25999999995 98443.25999999995
1670601540 98442.25999999995 78601.75999999995
1670607420 98459.25999999995 98459.25999999995
1670614140 98458.25999999995 78661.75999999995
1670614980 98438.75999999995 98438.75999999995
1670615340 98437.75999999995 78642.25999999995