1668438000 99998.77000000002 197695.21000000002
1668438960 99581.80000000002 99581.80000000002
1668439500 99580.58000000003 197132.23000000004
1668440040 99537.71000000005 99537.71000000005
1668440160 99536.49000000006 197048.94000000006
1668440460 99451.97000000006 99451.97000000006
1668440760 99450.75000000006 196592.03000000006
1668441360 99366.57000000007 99366.57000000007
1668441660 99365.35000000008 196533.4700000001
1668444420 99312.89000000009 99312.89000000009
1668444540 99311.6700000001 196482.2300000001
1668445380 99278.7300000001 99278.7300000001
1668445860 99277.5100000001 196452.9500000001
1668446940 99227.4900000001 99227.4900000001
1668536400 99226.2700000001 196399.2700000001
1668540120 99176.2500000001 99176.2500000001
1668540240 99175.0300000001 196352.9100000001
1668540600 99146.97000000009 99146.97000000009
1668540720 99145.75000000009 196289.4700000001
1668541140 99064.0100000001 99064.0100000001
1668541320 99062.8000000001 195818.1100000001
1668542220 98901.21000000011 98901.21000000011
1668610800 98899.99000000012 195602.07000000012