1670252460 99999.0 120116.0
1670255280 99940.5 99940.5
1670257080 99939.5 120087.5
1670272200 100151.5 100151.5
1670339220 100150.5 120368.94
1670344320 100181.63 100181.63
1670344380 100180.63 79991.77
1670345460 100169.43000000001 100169.43000000001
1670347020 100168.43000000001 120274.67000000001
1670352540 100190.38 100190.38
1670356500 100189.38 80159.13
1670357700 100177.67000000001 100177.67000000001
1670357760 100176.67000000001 120194.68000000001
1670358600 100195.56000000001 100195.56000000001
1670425500 100194.56000000001 80106.17000000001
1670427600 100165.00000000001 100165.00000000001
1670427660 100164.00000000001 120231.48000000001
1670429820 100130.36000000002 100130.36000000002
1670429880 100129.36000000002 120229.99000000002
1670434920 100167.63000000002 100167.63000000002
1670438700 100166.63 120249.92000000001
1670441640 100189.6 100189.6
1670511600 100188.6 79983.42000000001
1670515500 100185.05000000002 100185.05000000002
1670515740 100184.05000000002 120366.28000000001
1670517900 100162.65000000001 100162.65000000001
1670522100 100161.65000000001 79972.79000000001
1670531400 100176.46 100176.46
1670598120 100175.46 79979.46
1670598840 100152.02 100152.02
1670599860 100151.02 79940.74
1670601000 100116.87000000001 100116.87000000001
1670601540 100115.87000000001 80275.37000000001
1670607420 100132.87000000001 100132.87000000001
1670614140 100131.87 79939.44
1670614980 100112.0 100112.0
1670615340 100111.0 79919.59
1670617800 100086.54 100086.54
1670858820 100085.54 79967.06
1670868360 100131.97 100131.97
1670872140 100130.97 120303.51000000001
1670873220 100113.14000000001 100113.14000000001
1670945100 100112.14000000001 119995.85000000002
1670949240 100133.68000000002 100133.68000000002
1670949300 100132.68000000002 80255.34000000003
1670949660 100095.91000000003 100095.91000000003
1670949900 100094.91000000003 119922.76000000004
1670957640 100280.60000000003 100280.60000000003
1670957700 100279.60000000003 120316.60000000003
1670961360 100241.10000000003 100241.10000000003
1670961420 100240.10000000003 120298.10000000003
1670963100 100216.10000000003 100216.10000000003
1670963160 100215.10000000003 80145.10000000003
1670963400 100230.60000000003 100230.60000000003
1671041160 100229.60000000003 80018.10000000003
1671042300 100214.10000000003 100214.10000000003
1671044460 100213.10000000003 120345.60000000003
1671048300 100289.60000000003 100289.60000000003
1671048360 100288.60000000003 80282.10000000003
1671049740 100266.60000000003 100266.60000000003
1671049800 100265.60000000003 120200.60000000003
1671125340 100714.60000000003 100714.60000000003
1671126360 100713.60000000003 120965.00000000003
1671130800 100748.48000000003 100748.48000000003
1671131160 100747.48000000003 120942.72000000003
1671136200 100628.96000000004 100628.96000000004
1671203280 100627.96000000004 120593.88000000003
1671208680 100682.08000000003 100682.08000000003
1671209400 100681.08000000003 120912.24000000003
1671212640 100675.84000000003 100675.84000000003
1671215760 100674.84000000003 80450.57000000002
1671216000 100665.89000000001 100665.89000000001
1671218940 100664.89000000001 120899.76000000001
1671220260 100649.05000000002 100649.05000000002
1671220620 100648.05000000002 80370.78000000001
1671222600 100726.55000000002 100726.55000000002