1669995780 99999.0 80196.63
1670007060 100050.92 100050.92
1670008680 100049.92 80197.08
1670255280 99967.09 99967.09
1670257080 99966.09 120114.09
1670267880 100140.09 100140.09
1670272320 100139.09 80186.59
1670344320 99976.09 99976.09
1670345460 99975.09 79796.43
1670352540 99878.72 99878.72
1670356500 99877.72 79847.47
1670357700 99866.01000000001 99866.01000000001
1670358780 99865.01000000001 79822.52
1670425500 99909.91 99909.91
1670425620 99908.91 79809.3
1670427600 99868.13 99868.13
1670427720 99867.13 119943.79000000001
1670429820 99842.67000000001 99842.67000000001
1670430060 99841.67000000001 119915.27000000002
1670434920 99852.91000000002 99852.91000000002
1670438700 99851.91 119935.20000000001
1670441640 99874.88 99874.88
1670445120 99873.88 79825.78
1670445360 99855.03 99855.03
1670445720 99854.03 119887.34
1670515500 99683.70999999999 99683.70999999999
1670515740 99682.70999999999 119469.20999999999
1670522100 99675.20999999999 99675.20999999999
1670526120 99674.20999999999 119462.70999999999
1670532360 99685.70999999999 99685.70999999999
1670532960 99684.70999999999 79885.70999999999
1670598840 99662.70999999999 99662.70999999999
1670599860 99661.70999999999 79847.70999999999
1670601000 99628.20999999999 99628.20999999999
1670601540 99627.20999999999 79786.70999999999
1670607420 99644.20999999999 99644.20999999999
1670614140 99643.20999999999 79846.70999999999
1670614980 99623.70999999999 99623.70999999999
1670615340 99622.70999999999 79827.20999999999