1671119400 99999.0 119941.53
1671125340 100065.83 100065.83
1671125580 100064.83 80163.1
1671130800 99988.86 99988.86
1671130860 99987.86 80161.1
1671131160 99966.97 99966.97
1671131220 99965.97 119773.86
1671136200 99850.73 99850.73
1671202980 99849.73 119862.45
1671208680 99950.65 99950.65
1671209100 99949.65 119836.53
1671212640 99981.93 99981.93
1671212700 99980.93 119829.84999999999
1671215760 99986.16999999998 99986.16999999998
1671215820 99985.16999999998 80134.16999999998
1671216000 99968.04999999999 99968.04999999999
1671217860 99967.04999999999 80088.48999999999
1671218940 99940.56999999999 99940.56999999999
1671219000 99939.56999999999 119790.04999999999
1671220260 99921.40999999999 99921.40999999999
1671220320 99920.40999999999 80053.29
1671222600 100024.97 100024.97