1668784080 99999.0 120113.91
1668784380 99957.71000000002 140268.11000000002
1668784500 99997.51000000001 99997.51000000001
1668785280 99996.51000000001 120119.07
1668785460 99947.57 99947.57
1668787080 99946.57 120063.01000000001
1668787680 99946.08000000002 99946.08000000002
1668788400 99945.08000000002 79767.95000000001
1668789360 99941.53000000001 99941.53000000001
1668791820 99940.53000000001 120010.05000000002
1668792540 99929.84000000003 99929.84000000003
1668795720 99928.84000000003 120014.17000000003
1668795960 99907.44000000003 99907.44000000003
1668797040 99906.44000000003 119992.28000000003
1668797940 99908.50000000003 99908.50000000003
1668798180 99907.50000000003 79791.57000000004
1668799260 99904.97000000003 59676.17000000004
1668799380 99914.17000000004 39555.67000000004
1668799500 99913.17000000004 19435.170000000042
1668799620 99922.37000000004 15488.670000000042
1668799740 99914.88000000003 99914.88000000003
1668800220 99913.88000000003 120013.49000000003
1668800460 99904.21000000002 140120.77000000002
1668800580 99882.81000000003 99882.81000000003
1668801240 99881.81000000003 79763.84000000003
1668802620 99912.43000000002 99912.43000000002
1669047420 99911.43000000002 79808.76000000002
1669047660 99895.13000000002 99895.13000000002
1669048080 99894.13000000002 119978.44000000002
1669048740 99893.13000000003 140061.75000000003
1669048860 99889.07000000004 99889.07000000004
1669050420 99888.07000000004 79798.15000000004
1669050960 99886.56000000004 99886.56000000004
1669051200 99885.56000000004 119966.30000000005
1669051500 99885.07000000005 99885.07000000005
1669051560 99884.07000000005 79792.62000000005
1669051740 99866.75000000006 99866.75000000006
1669053480 99865.75000000006 119952.10000000006
1669053840 99849.45000000007 99849.45000000007
1669136100 99848.45000000007 79982.95000000007
1669136940 99848.95000000007 99848.95000000007
1669139640 99847.95000000007 79971.95000000007
1669139760 99839.45000000007 99839.45000000007
1669140180 99838.45000000007 119707.95000000007
1669140300 99827.95000000007 99827.95000000007
1669144500 99826.95000000007 119738.45000000007
1669144740 99818.45000000007 99818.45000000007
1669222440 99817.45000000007 119873.95000000007
1669223280 99839.95000000007 99839.95000000007
1669227840 99838.95000000007 79819.95000000007
1669229520 99855.45000000007 99855.45000000007
1669230180 99854.45000000007 79747.45000000007
1669230780 99838.95000000007 99838.95000000007
1669232400 99837.95000000007 119907.45000000007
1669232580 99819.45000000007 99819.45000000007
1669397160 99818.45000000007 79691.45000000007
1669397700 99799.95000000007 99799.95000000007
1669653960 99798.95000000007 79854.95000000007
1669654860 99798.45000000007 99798.45000000007
1669734060 99797.45000000007 79995.45000000007
1669734240 99780.95000000007 99780.95000000007
1669737600 99779.95000000007 119596.95000000007
1669739580 99896.95000000007 99896.95000000007
1669743180 99895.95000000007 79776.45000000007
1669743420 99892.91000000006 59657.99000000007
1669743540 99958.21000000008 39506.38000000007
1669743660 99952.62000000007 19356.300000000072
1669743780 99943.46000000006 15404.900000000072
1669743900 99955.30000000008 12243.100000000071
1669744020 99916.45000000007 99916.45000000007
1669745340 99915.45000000007 120039.03000000007
1669745700 99892.52000000008 99892.52000000008
1669747440 99891.52000000008 79765.39000000007
1669747920 99887.97000000006 59640.81000000007
1669748040 99874.73000000007 39522.35000000007
1669748160 99922.69000000006 19387.570000000072
1669748280 99948.21000000008 15437.470000000072
1669748400 99970.75000000007 12276.310000000072
1669748520 100087.41000000008 9902.010000000071
1669748640 100152.53000000007 7921.810000000071
1669748760 100142.21000000008 6337.6100000000715
1669748880 100110.40000000008 5149.600000000071
1669749000 100114.20000000007 3961.5300000000716
1669749120 100100.84000000005 100100.84000000005
1669750080 100099.84000000005 120231.58000000006
1669751580 100108.53000000006 100108.53000000006
1669753620 100107.53000000006 120238.25000000006
1669753800 100095.31000000006 100095.31000000006
1669828140 100094.31000000006 120229.11000000006
1669829760 100143.29000000007 100143.29000000007
1669833060 100142.29000000007 79922.32000000007
1669834080 100197.39000000007 100197.39000000007
1669834680 100196.39000000007 80230.39000000007
1669836840 100366.89000000007 100366.89000000007
1669907520 100365.89000000007 120315.26000000007
1669908960 100444.27000000008 100444.27000000008
1669909920 100443.27000000008 80499.78000000009
1669910880 100439.82000000008 100439.82000000008
1669911360 100438.82000000008 120350.46000000008
1669911780 100427.53000000007 140271.39000000007
1669911900 100420.63000000006 120345.01000000007
1669926720 100368.67000000007 100368.67000000007
1669995780 100367.67000000007 80161.17000000007
1669996320 100381.67000000007 59938.67000000007
1669996440 100423.67000000007 39694.67000000007
1669996560 100364.17000000007 100364.17000000007
1669997340 100363.17000000007 120551.17000000007
1669997640 100348.67000000007 100348.67000000007
1669999440 100347.67000000007 80471.31000000007
1669999980 100340.30000000008 100340.30000000008
1670008680 100339.30000000008 80081.30000000008
1670008980 100333.80000000008 59826.800000000076
1670009100 100346.80000000008 39565.300000000076
1670009220 100327.80000000008 19309.800000000076
1670009340 100362.80000000008 100362.80000000008
1670011020 100361.80000000008 80445.75000000007
1670012520 100406.86000000007 100406.86000000007
1670252460 100405.86000000007 120522.86000000007
1670252880 100380.86000000007 100380.86000000007
1670255280 100379.86000000007 80205.36000000007
1670255580 100361.36000000007 100361.36000000007
1670257080 100360.36000000007 120508.36000000007
1670258520 100402.36000000007 100402.36000000007
1670266740 100401.36000000007 120364.36000000007
1670267580 100385.86000000007 100385.86000000007
1670339220 100384.86000000007 120603.30000000008
1670340060 100375.19000000008 100375.19000000008
1670344320 100374.19000000008 80187.88000000008
1670344800 100345.65000000008 100345.65000000008
1670345460 100344.65000000008 80165.99000000008
1670345580 100330.90000000008 100330.90000000008
1670347020 100329.90000000008 120436.14000000009
1670347620 100311.56000000008 100311.56000000008
1670352540 100310.56000000008 80227.27000000008
1670352900 100279.98000000007 100279.98000000007
1670356500 100278.98000000007 80248.73000000007
1670356860 100290.73000000007 60204.73000000007
1670356980 100301.97000000007 40154.61000000007
1670357100 100278.02000000008 20112.140000000072
1670357220 100297.42000000007 64.57000000007247
1670357340 100227.30000000008 100227.30000000008
1670357700 100226.30000000008 120245.84000000008
1670358360 100224.79000000008 100224.79000000008
1670425500 100223.79000000008 80135.40000000008
1670425920 100159.04000000008 100159.04000000008
1670427000 100158.04000000008 80025.28000000009
1670427360 100112.67000000009 100112.67000000009
1670427600 100111.67000000009 120171.50000000009
1670427840 100087.72000000009 100087.72000000009
1670428200 100086.72000000009 79963.14000000009
1670429340 100095.92000000009 100095.92000000009
1670429820 100094.92000000009 120195.04000000008
1670431080 100151.04000000008 100151.04000000008
1670434920 100150.04000000008 80088.68000000008
1670436000 100166.89000000007 100166.89000000007
1670438700 100165.89000000007 120249.18000000008
1670439060 100181.72000000007 140314.64000000007
1670439180 100180.74000000009 120246.69000000009
1670445120 100197.59000000008 100197.59000000008
1670511600 100196.59000000008 79991.41000000009
1670512740 100195.08000000009 100195.08000000009
1670515500 100194.08000000009 120396.7100000001
1670516880 100222.1500000001 100222.1500000001
1670517900 100221.1500000001 80018.52000000009
1670518740 100221.17000000009 100221.17000000009
1670522100 100220.17000000009 80031.31000000008
1670523120 100222.74000000008 100222.74000000008
1670526120 100221.74000000008 120406.01000000008
1670527140 100235.02000000008 100235.02000000008
1670598120 100234.02000000008 80038.02000000008
1670598600 100242.20000000007 59831.84000000008
1670598720 100217.74000000008 100217.74000000008
1670598840 100216.74000000008 120390.30000000008
1670598960 100216.76000000008 140561.84000000008
1670599080 100235.16000000009 120397.50000000009
1670617920 100226.51000000008 100226.51000000008
1670858820 100225.51000000008 80107.03000000009
1670859120 100224.00000000009 59988.060000000085
1670859240 100206.68000000008 100206.68000000008
1670861160 100205.68000000008 80043.85000000008
1670861940 100191.93000000008 100191.93000000008
1670868360 100190.93000000008 120356.84000000008
1670869140 100193.50000000009 100193.50000000009
1670872140 100192.50000000009 120365.0400000001
1670872560 100182.83000000009 140545.2500000001
1670872680 100185.91000000009 100185.91000000009
1670873220 100184.91000000009 79995.5400000001
1670873520 100167.0800000001 100167.0800000001
1670945100 100166.0800000001 120049.79000000011
1670945700 100148.42000000011 100148.42000000011
1670948700 100147.42000000011 120358.92000000011
1670949060 100108.92000000011 100108.92000000011
1670949240 100107.92000000011 80246.75000000012
1670949480 100090.26000000013 60401.240000000114
1670949600 100103.96000000011 40548.380000000114
1670949660 100072.09000000011 100072.09000000011
1670949900 100071.09000000011 119898.94000000012
1670950980 100163.19000000012 100163.19000000012
1670951520 100162.19000000012 120227.69000000012
1670953140 100192.69000000012 100192.69000000012
1670955480 100191.69000000012 80120.69000000012
1670956560 100202.19000000012 100202.19000000012
1670957640 100201.19000000012 120243.19000000012
1670957940 100173.19000000012 100173.19000000012
1670960580 100172.19000000012 80033.19000000012
1670961120 100152.19000000012 100152.19000000012
1670961360 100151.19000000012 120225.69000000012
1670962740 100155.19000000012 100155.19000000012
1670963100 100154.19000000012 80073.19000000012
1670963520 100188.19000000012 100188.19000000012
1671041160 100187.19000000012 79975.69000000012
1671041760 100177.19000000012 100177.19000000012
1671042300 100176.19000000012 79979.19000000012
1671042420 100181.19000000012 100181.19000000012
1671044460 100180.19000000012 120312.69000000012
1671045300 100293.69000000012 100293.69000000012
1671046500 100292.69000000012 120509.60000000012
1671046980 100248.85000000012 100248.85000000012
1671048300 100247.85000000012 80192.85000000012
1671049140 100233.85000000012 100233.85000000012
1671049740 100232.85000000012 120218.35000000012
1671049920 100319.85000000012 100319.85000000012
1671119760 100318.85000000012 120243.02000000012
1671120120 100302.04000000012 100302.04000000012
1671120900 100301.04000000012 120175.23000000013
1671121260 100284.23000000013 100284.23000000013
1671125340 100283.23000000013 80408.53000000013
1671125940 100283.76000000013 100283.76000000013
1671126360 100282.76000000013 120534.16000000012
1671126780 100292.16000000012 140774.16000000012
1671126900 100290.16000000012 120531.16000000012
1671136320 100230.92000000011 100230.92000000011
1671203280 100229.92000000011 120195.84000000011
1671204540 100278.84000000011 100278.84000000011
1671208680 100277.84000000011 80367.04000000011
1671208920 100267.48000000011 100267.48000000011
1671209400 100266.48000000011 120497.64000000012
1671210360 100261.2400000001 100261.2400000001
1671212640 100260.2400000001 120495.6400000001
1671214080 100288.3900000001 100288.3900000001
1671215760 100287.3900000001 80063.1200000001
1671216000 100278.44000000009 100278.44000000009
1671218940 100277.44000000009 120512.31000000008
1671219840 100288.1000000001 100288.1000000001
1671220260 100287.1000000001 80419.4600000001
1671221280 100305.86000000009 100305.86000000009
1671221700 100304.86000000009 80355.58000000009
1671222720 100354.8200000001 100354.8200000001
1671463260 100353.8200000001 80426.9000000001
1671463980 100338.7800000001 100338.7800000001
1671465660 100337.78000000012 120559.40000000011
1671466740 100320.8800000001 100320.8800000001
1671469620 100319.88000000009 80097.7300000001
1671469920 100310.4000000001 59883.0600000001
1671470040 100322.1200000001 39662.0300000001
1671470160 100348.15000000011 19431.9900000001
1671470280 100325.9500000001 15615.1900000001
1671470400 100329.28000000012 100329.28000000012
1671470700 100328.28000000012 120531.35000000012
1671471480 100325.69000000012 100325.69000000012
1671472140 100324.69000000012 80106.78000000012
1671472800 100320.51000000011 100320.51000000011
1671473280 100319.51000000011 120520.9900000001
1671473700 100305.26000000011 100305.26000000011
1671474600 100304.26000000013 120499.91000000012
1671477060 100383.82000000012 100383.82000000012
1671481740 100382.82000000012 80296.88000000012
1671481920 100395.07000000012 100395.07000000012