1670945100 99999.0 119882.71
1670945700 99981.34000000001 99981.34000000001
1670945820 99980.34000000001 119844.45000000001
1670946420 99987.18000000001 99987.18000000001
1670946540 99986.18000000001 119805.21
1670947080 99978.81 99978.81
1670947140 99977.81 119789.0
1670947320 99950.35 99950.35
1670947440 99949.35 119761.03
1670947560 99934.14 99934.14
1670947680 99933.13999999998 119736.48999999999
1670947860 99910.57999999999 99910.57999999999
1670948460 99909.57999999999 119740.36999999998
1670949060 99895.34999999998 99895.34999999998
1670949240 99894.34999999998 80033.17999999998
1670949480 99876.68999999997 60187.66999999998
1670949660 99869.80999999997 99869.80999999997
1670949720 99868.80999999997 119697.63999999997
1670951160 99952.08999999997 99952.08999999997
1670951400 99951.08999999997 120079.08999999997
1670953140 100044.08999999997 100044.08999999997
1670953260 100043.08999999997 120057.58999999997
1670953500 100030.08999999997 100030.08999999997
1670953680 100029.08999999997 120043.08999999997
1670954280 100048.58999999997 100048.58999999997
1670954520 100047.58999999997 120045.08999999997
1670954640 100035.58999999997 100035.58999999997
1670954940 100034.58999999997 120028.08999999997
1670955120 100002.08999999997 100002.08999999997
1670955480 100001.08999999997 79930.08999999997
1670956560 100011.58999999997 100011.58999999997
1670957640 100010.58999999997 120052.58999999997
1670957940 99982.58999999997 99982.58999999997
1670958180 99981.58999999997 79883.08999999997
1670958480 99946.58999999997 99946.58999999997
1670960580 99945.58999999997 79806.58999999997
1670961120 99925.58999999997 99925.58999999997
1670961360 99924.58999999997 119999.08999999997
1670962740 99928.58999999997 99928.58999999997
1670963100 99927.58999999997 79846.58999999997
1670963520 99961.58999999997 99961.58999999997