1669907520 99999.0 119948.37
1669918140 99962.23000000001 139932.51
1669918740 100091.57 159851.48
1669920240 99983.26000000001 219717.7
1669926780 99867.6 199741.85
1669995780 100728.77999999997 298752.48
1669997340 100909.07999999999 318939.48
1670008680 100150.37999999989 537723.1799999999
1670011020 98756.17999999993 517806.12999999995
1670255280 101802.78999999992 933799.1699999999
1670257080 102894.6499999999 954349.1299999999
1670267760 110342.97999999975 1798334.1599999997
1670272320 111947.85999999964 1775986.3599999996
1670344320 125437.80999999959 3426493.2099999995
1670345460 126687.80999999912 3401169.9699999993
1670352540 142122.54999999888 6660134.629999999
1670356500 159335.62999999896 6628320.879999999
1670357700 162712.18999999948 13093764.870000001
1670358780 147887.29000000097 13064289.620000001
1670425500 118142.66000000387 26010107.92
1670425620 103680.18000000343 25989219.090000004
1670427600 154582.9600000009 51823198.42
1670427720 111232.49999999255 51845636.04
1670429820 50122.66999998689 103639835.22999999
1670430060 186797.42999997735 103677226.22999999
1670434920 248586.6899999678 207103236.45
1670438700 22463.309999972582 207107567.14
1670441640 266996.12000000477 413942879.4
1670445120 498380.7300000191 413843030.73
1670445360 861148.2300000191 826814398.23
1670445720 734966.3600000143 826961307.3000001
1670515500 -6258752.189999819 1660160333.0500002
1670515740 -4576064.549999952 1659244998.0000002
1670522100 -5143663.269999981 3323591614.9300003
1670526120 -4386876.049999714 3322714181.76
1670532360 -2327246.0600004196 6647671543.059999
1670532960 -10061392.23000145 6649683888.009999
1670598840 -3081761.210000992 13302281353.349998
1670599860 -27300308.819999695 13307741230.3
1670601000 -5595701.4900016785 26620741656.55
1670601540 -85011223.15999985 26637743560.39
1670607420 -109591766.73000336 53384405447.97
1670614140 57421096.63999939 53372920957.36
1670614980 106571596.6000061 106637923729.08
1670615340 12310332.710006714 106635461533.70001